image_width: 1280
image_height: 720
camera_name: rgb_camera
camera_matrix:
  rows: 3
  cols: 3
  data: [609.3042602539062, 0.0, 642.94482421875,
         0.0, 609.3120727539062, 366.3265686035156,
         0.0, 0.0, 1.0]
distortion_model: rational_polynomial
distortion_coefficients:
  rows: 1
  cols: 8
  data: [0.15958991646766663, -2.530529499053955, 0.0010216705268248916, -0.0004944186075590551, 
         1.6652499437332153, 0.04499012976884842, -2.3407037258148193, 1.5764943361282349]
rectification_matrix:
  rows: 3
  cols: 3
  data: [1.0, 0.0, 0.0,
         0.0, 1.0, 0.0,
         0.0, 0.0, 1.0]
projection_matrix:
  rows: 3
  cols: 4
  data: [609.3042602539062, 0.0, 642.94482421875, 0.0,
         0.0, 609.3120727539062, 366.3265686035156, 0.0,
         0.0, 0.0, 1.0, 0.0]
